Bloco A 1
10001111
01011001
00000001
11011111
11110101
00101011
01010001
10110011
Bloco B 1
10111001
11101010
10011000
10000011
11111001
10101001
10000111
11001001
Resultado 1
01111100
Bloco A 2
01000001
10010011
01010110
00111100
00101100
11110111
10100111
01111010
Bloco B 2
00010010
01010100
10010101
00000111
11101101
00000101
11000111
01010110
Resultado 2
11011001
Bloco A 3
00010000
00000011
11010111
01001000
11101011
11011001
10001111
11100011
Bloco B 3
01010111
01101010
11101000
10100110
10010010
00000010
01001001
10111010
Resultado 3
10111100
Bloco A 4
00000000
01000011
01010110
11101111
01111010
11111010
11000100
10110011
Bloco B 4
10110011
01110011
00111001
11011111
10110111
11100010
01010110
10101011
Resultado 4
11011011
Bloco A 5
00101010
01111111
10100101
10101010
11011001
10001000
01001110
01010100
Bloco B 5
10011011
00010001
11000100
11010011
00100101
00000000
01111110
00011000
Resultado 5
11001111
Bloco A 6
01101001
10001111
10110010
10010011
01010001
11111110
10010101
01100101
Bloco B 6
10110001
10100000
11000001
01110110
11000111
11000000
11111001
00101101
Resultado 6
11010101
Bloco A 7
01101000
00100100
10100010
01011011
00100111
00011001
00100111
11010110
Bloco B 7
01110011
11010101
10010011
01100110
11001010
01111101
10001010
10111101
Resultado 7
01011001
Bloco A 8
10011110
11010110
00011101
11001101
01000001
00010000
01011000
01111110
Bloco B 8
00100000
00100001
11000100
01110001
00110101
11100011
01010110
11010110
Resultado 8
01101111
Bloco A 9
11010111
01100001
01110011
01000111
00110010
01010100
10110101
00110011
Bloco B 9
11101100
11001100
01010001
01111111
00100010
01110100
10001011
11100001
Resultado 9
11100010
Bloco A 10
01110110
01010110
11111100
11000101
00100001
00001110
10000000
10001101
Bloco B 10
10111001
01011000
11110100
10011001
00101110
01011001
11000010
10000011
Resultado 10
00011101
Bloco A 11
01101110
01101100
00010011
00100010
11110100
00101011
01101011
01110100
Bloco B 11
11011010
01011100
11000011
00110100
01110101
00111000
01100101
00100011
Resultado 11
00100001
Bloco A 12
00000110
10001111
10110100
01111011
01110001
10101011
00000101
01101011
Bloco B 12
10111100
10010101
11010111
11000100
11111101
11101001
11101100
11100000
Resultado 12
01001110
Bloco A 13
00110100
11110100
11100101
11111101
00110010
00111000
00000110
01110100
Bloco B 13
11001010
11100011
01011010
01011110
00010010
11010001
10101101
10101100
Resultado 13
01101001
Bloco A 14
00111001
11001110
10100010
11101001
11001111
00011000
00001110
01011111
Bloco B 14
10101101
01001110
10001001
01001100
11001011
11010100
10001011
00010101
Resultado 14
00110001
Bloco A 15
10011110
00110001
01101010
01110101
11100010
01110001
01000111
00101010
Bloco B 15
00110101
00101000
01001100
01001011
01000000
01010111
01011100
10010010
Resultado 15
11110011
Bloco A 16
10011100
10011111
01111111
11111011
00001111
01101000
10001011
01100000
Bloco B 16
11010111
11000101
00111001
01010111
11111011
01001111
01011010
00111001
Resultado 16
10101000
Bloco A 17
01001110
01101001
01101011
10100011
00101111
10111100
00010110
10010000
Bloco B 17
10110011
11011101
01110011
01110111
10010010
01011110
00000001
00011010
Resultado 17
01011001
Bloco A 18
10110100
10111101
11010101
00101001
11100010
11110101
10111110
10000010
Bloco B 18
00111000
11011101
11111010
10001100
01011000
11111000
10101101
00110000
Resultado 18
00010100
Bloco A 19
10001110
11011100
00001101
01100101
10000010
00001100
00010011
01101001
Bloco B 19
00111110
01100101
10111001
10111100
10101000
11000011
01010110
11111111
Resultado 19
10000000
Bloco A 20
00011110
10011101
11100001
11000110
00000111
10111101
01001111
00101111
Bloco B 20
11100001
10001010
00001011
10100110
01010001
11000100
00100110
00100100
Resultado 20
01010001
Bloco A 21
00011111
01010101
00101011
01000000
01100010
01110000
01010011
11010011
Bloco B 21
11111101
01011100
01111100
11110101
00001001
00011111
01111110
01010100
Resultado 21
00111111
Bloco A 22
11000011
01111010
10100100
10100110
10111100
11010010
00000001
01001100
Bloco B 22
11010011
10110100
01111001
01011001
10110001
10001001
00101010
01110101
Resultado 22
01101000
Bloco A 23
00110010
11110001
00111100
10110010
10100101
11111110
10010111
11000111
Bloco B 23
11000110
01010101
10101000
11101010
00110011
01110101
01101001
00100011
Resultado 23
10100001
Bloco A 24
01101110
01011010
00000010
10111000
10001101
11101111
01110011
01011000
Bloco B 24
11111011
00001101
10011100
10100010
01000011
10010001
01010010
10000111
Resultado 24
10000010
Bloco A 25
11111011
01001110
10011001
00110000
11001111
00100110
11010111
01100110
Bloco B 25
01000111
01100001
11100010
00101001
01010001
00011001
11000111
01011011
Resultado 25
10111101
Bloco A 26
11110000
11011011
01010011
11000100
01110110
10111111
00000100
00110110
Bloco B 26
01001000
01110110
01001101
00010001
01001110
01001111
01111000
01101100
Resultado 26
00001000
Bloco A 27
01010101
11111101
00011111
00010010
01010111
10001000
00000001
01001011
Bloco B 27
10000111
10110110
11100010
10001001
01000111
11001111
11001101
11111101
Resultado 27
10001000
Bloco A 28
01011101
00101110
00011011
10100011
11111001
10110011
11011000
00000101
Bloco B 28
01001100
10110000
11101000
10010111
10100010
00001110
11110101
00000110
Resultado 28
10000110
Bloco A 29
11010110
10000010
00110101
11010000
10000101
10111111
10001101
11100110
Bloco B 29
00000100
10001010
11000000
00001010
11110001
11100110
01000011
01101101
Resultado 29
10000001
Bloco A 30
00011000
00110001
11010000
10101000
10010100
10110110
11011111
10010011
Bloco B 30
11110000
01010110
11101110
11110010
01011101
10101110
01110100
01010101
Resultado 30
01001101
Bloco A 31
00101011
01101110
01011000
10010010
11101011
10011000
11100110
11001001
Bloco B 31
00010101
00100011
11101000
10000000
10101010
01010001
01111110
10101100
Resultado 31
00010000
Bloco A 32
10011111
00011101
00101111
01001100
11010001
00000011
01111100
00100011
Bloco B 32
00111110
11000011
00100100
00000100
10011011
11011010
00011101
00110101
Resultado 32
11011000
Bloco A 33
11100000
01101111
00010001
01100011
00001001
01010011
10011101
01000111
Bloco B 33
00100111
10110011
10100100
10010110
01000011
01001010
00000010
10010111
Resultado 33
11110001
Bloco A 34
10001111
11111100
10000001
01000100
10101010
01110110
10001101
00110110
Bloco B 34
11000010
10101000
00111101
10011101
10001010
10010101
01000110
01110111
Resultado 34
11101011
Bloco A 35
01101001
11001010
10000111
11100100
00101111
10011000
11101111
00011000
Bloco B 35
01111010
11100000
10111010
01011111
10000010
01011111
00001100
11011110
Resultado 35
00010100
Bloco A 36
10100111
00010111
10011110
00011101
01110001
11111001
10000111
11111111
Bloco B 36
00101010
10010001
00011110
00001100
10111011
11010011
01101011
11111101
Resultado 36
00010110
Bloco A 37
10101001
11010011
00100111
10011011
00100100
01110100
11011111
01011010
Bloco B 37
11101001
10000011
00100000
10111111
10111110
01100001
11110110
00001101
Resultado 37
11001100
Bloco A 38
11101111
11000000
01011100
10111101
10010001
10110111
01010100
01000000
Bloco B 38
00010101
10101110
00101000
10000011
10110011
00000010
10001110
00010101
Resultado 38
10010110
Bloco A 39
00111010
00101000
10101001
00000000
11101000
00010000
00101001
00100110
Bloco B 39
00011011
11110010
00000010
11111111
11010110
00110111
00001101
01001110
Resultado 39
00001100
Bloco A 40
00100111
10010111
00100011
10100110
11010000
01111110
00101101
00000111
Bloco B 40
01101010
01001101
10101111
01000110
10011011
00110101
10101000
00111011
Resultado 40
10100110
Bloco A 41
01000111
11111111
00001110
00100001
10001001
11100000
00000100
00011000
Bloco B 41
00101001
00101100
01111101
11011111
00110110
00110100
00110010
10101010
Resultado 41
11011101
Bloco A 42
00001110
10001000
10111100
11100010
11110000
00110100
10010100
01011001
Bloco B 42
10010110
01101111
00111110
10101000
00111100
11010001
01101010
00101011
Resultado 42
00000010
Bloco A 43
01010001
01001001
01001011
11111101
00100010
01000011
00010100
00001110
Bloco B 43
00001101
00001001
11101010
10101111
00110001
11101110
10111011
01001101
Resultado 43
00010001
Bloco A 44
00010010
00000110
11010110
00101011
11101000
00100000
00110010
01101101
Bloco B 44
00010100
01001111
00111000
10010011
01100111
10000011
01011010
10001100
Resultado 44
01111100
Bloco A 45
00000001
01100011
11000011
01000000
10001111
11101010
10101101
01001011
Bloco B 45
01110100
01100011
00000001
11001100
11100001
00111110
11101101
00101110
Resultado 45
00011100
Bloco A 46
00000001
00100111
01001000
11110000
11110101
11010010
11111011
00101100
Bloco B 46
11110111
00100010
10111010
11100010
00100001
00100110
10000111
10011101
Resultado 46
11100000
Bloco A 47
01100110
01101010
10100101
00000010
10110110
00110000
10011011
01100110
Bloco B 47
10011101
11010100
10101000
01111110
01100101
00000111
11110010
11011111
Resultado 47
01101010
Bloco A 48
00000000
11011100
11110010
11101011
00111011
10011110
10100000
11010000
Bloco B 48
00101101
01111010
00100101
10100110
11000000
11100101
01001101
00101100
Resultado 48
01100100
Bloco A 49
00110110
00011000
00101111
11011101
10010001
01000010
10101101
11011110
Bloco B 49
10001110
01111110
00000100
11011101
01100101
01111001
11000000
00111110
Resultado 49
11111111
Bloco A 50
01010010
00001011
01010010
00011001
01010111
00011110
10001110
10011100
Bloco B 50
11010001
00010101
11111100
11111011
01111011
11011111
10010010
01110100
Resultado 50
00100110
